000100100100000000000000000000000000000000000000000000000000000
000000100100000110000000000000000000010000000100000000000000000
000000111011000000000100000000000000001000000110110000000000000
000000110001000000000100000000000000001000000110110000000000000
000110101000000000000000000000000000000000000000000000000000000
000000100100000110000000000000000000010000000100000100000000000
000000110011000000000100000000000000001000000110110000110000000
000000101111000000000100000000000000001000000110110000110000000
000001001011000000000100000000000000010000001000001100100000000
000000100100000110000000000000000000010000000100001000000000000
000000010110000000000010000000000000000000000000000000000000000
000001010001000000000000000001000000000000000000000000000001000
000000100100000001000000000000000000010001000101101100000000000
000000100100000110000000000000000000000100000100000000000000000
000000100100000100000000000000000000001000000001010000010000000
000000111001000000000000000000000000001000000000000000010000000
000010100000000000000000000000000000000000000000000011100000000
000010100010000000000000000000000000000000000000000011000000000
010001000011000001000100000000000010000000000000000000100000000
010001000011000001000100000000000010000000000000000000100000000
000000100100000101000000000000000010000010010110000000000000000
000000100100000101000000000000000010000010010001100000010000000
000000100100000001000000000000000000000010000001010000010000000
000000100000100000000000000000000000010000000000001100100000000
000000100010100000000000000000000000010000000000001100000000000
000010110010100000000000000000000000000000000000000010100000000
000000100100000100000000000000010000000000100000000000000000000
000000100100000110000000000000000000100000000000000000100000000
000010111000100100000000000000000010000000010000000010100000000
000010111010100000000000000000000000000000000000000010000000000
000000100100000001000000000000000000100001000000000000100000000
000000100100000110000000000000000000100000000000000000000000000
100000000000001000000000000000000000000000000000000000000000000
000011000010100000000000000000000000000000000000000010100000000
000001010110000000000000000000000000000000000000000000000000001
000001000000010000000000000000000000100000000000000000100000000
000001001101000100000100000000000000010000101000001100101000000
000011001010100000000000000000000000000000000000000010100000000
000001100000100000000000010000000000000000000000000000100000000
000001101010000001000000000000000000100001000000000000100000000
000011010000100000000000000000000000000000000000000010100000000
000001101110000000100000000000000000010000001000001100000000000
000001000100000000000001000000000000100000000000000000100000000
000001011100000000000001000000000000000000000000000000000000010
000001011010000000010000000000000000010000001000001100000000000
000001001000000100001000000000100000000000100000001100000000100
000001110010100000000000001000000000000000000000000000100000000
000000000000000000000000000000000000000000000000000000000000000
000011100000000000000000000000000000000000000000000011100000000
001001001000000000000000100000001000000000000000000000000000000
000001100111000100000100000000000000010000101000001100101000000
000001101000100000000000000000000001000000000000000000100000000
000011101000000000000000000000000000000000000000000011100000000
000001111001000100000100000000000000010000101000001100100100000
000001110001000000000100000000000100000000000000000000100000000
001000100100000000000000000000000000000000000000000000000000000
000011110000100000000000000000000000000000000000000010100000000
000011110010000000000000000000000000000000000000000011100000000
000000100100000001000000000000000000100001000000000000100000000
000000000001000000000000000100000000000000000000000000000010000
000011111000100000000000000000000000000000000000000010100000000
000001010010000000001000000000000000100000000000000000100000000
000001111010000100000000000000000000010000101000001100000100000
000000000000000000000000000000000000000000000000000000000000000