00010010010000000000000000000000000000000000000000
00000010010000011000000000001000000010000000000000
00000011101100000000000000000100000011011000000000
00000011000100000000000000000100000011011000000000
00011010100000000000000000000000000000000000000000
00000010010000011000000000001000000010000010000000
00000011001100000000000000000100000011011000011000
00000010111100000000000000000100000011011000011000
00000100101100000000000000001000000100000110010000
00000010010000011000000000001000000010000100000000
00000000000000000000000000000000000000000000000000
00000000000000000000000000000000000000000000000000
00000010010000000100000000001000100010110110000000
00000010010000011000000000000010000010000000000000
00000010010000010000000000000100000000101000001000
00000011100100000000000000000100000000000000001000
00001010000000000000000000000000000000000001110000
00001010001000000000000000000000000000000001100000
01000100001100000100000001000000000000000000010000
01000100001100000100000001000000000000000000010000
00000010010000010100000001000001001011000000000000
00000010010000010100000001000001001000110000001000
00000010010000000100000000000001000000101000001000
00000010000010000000000000001000000000000110010000
00000010001010000000000000001000000000000110000000
00001011001010000000000000000000000000000001010000
00000010010000010000001000000000010000000000000000
00000010010000011000000000010000000000000000010000
00001011100010010000000001000000001000000001010000
00001011101010000000000000000000000000000001000000
00000010010000000100000000010000100000000000010000
00000010010000011000000000010000000000000000000000
10000000000000100000000000000000000000000000000000
00001100001010000000000000000000000000000001010000
00000000000000000000000000000000000000000000000000
00000100000001000000000000010000000000000000010000
00000110000100010000000000001000010100000110010100
00001100101010000000000000000000000000000001010000
00000000000000000000000000000000000000000000000000
00000110101000000100000000010000100000000000010000
00000000000000000000000000000000000000000000000000
00000110111000000010000000001000000100000110000000
00000000000000000000000000000000000000000000000000
00000000000000000000000000000000000000000000000000
00000101101000000001000000001000000100000110000000
00000100100000010000110000000000010000000110000001
00000000000000000000000000000000000000000000000000
00000000000000000000000000000000000000000000000000
00001110000000000000000000000000000000000001110000
00100100100010000000000100000000000000000000010000
00000110011100010000000000001000010100000110010100
00000110100010000000000000100000000000000000010000
00001110100000000000000000000000000000000001110000
00000111100100010000000000001000010100000110010010
00000111000100000000000010000000000000000000010000
00100010010000000000000000000000000000000000000000
00001111000010000000000000000000000000000001010000
00000000000000000000000000000000000000000000000000
00000010010000000100000000010000100000000000010000
00000000000000000000000000000000000000000000000000
00001111100010000000000000000000000000000001010000
00000101001000000000100000010000000000000000010000
00000111101000010000000000001000010100000110000010
00000000000000000000000000000000000000000000000000