00001011000010010000000
00001011000010010000000
00001011000010010000000
00001011000010010000000
11000000000100000001111
10000000100100000001111
11000000000100000001111
10000000100100000001111
10010101000000001000111
10010101000000001000111
10010101000000001000111
10010101000000001000111
10010101011100001100000
10010101011100001100000
10010101011100001100000
10010101011100001100000
10110000000001010001000
10110000000001010001000
00101100000001010001000
00101100000001010001000
11000000001100000001111
10000000101100000001111
11000000001100000001111
10000000101100000001111
10010111000000001010111
10010111000000001010111
10010111000000001010111
10010111000000001010111
10010111011100001110000
10010111011100001110000
10010111011100001110000
10010111011100001110000
00000000000000000000000
00000000000000000000000
00000000000000000000000
00000000000000000000000
11000000010100000001111
10000000110100000001111
11000000010100000001111
10000000110100000001111
00000000000000000000000
00000000000000000000000
00000000000000000000000
00000000000000000000000
00000000000000000000000
00000000000000000000000
00000000000000000000000
00000000000000000000000
10000000011101010001000
10000000011101010001000
10000000011101010001000
10000000011101010001000
10000000000000000001111
10000000000000000001111
10000000000000000001111
10000000000000000001111
00001011000000000000010
00001011000000000000010
00001011000000000000010
00001011000000000000010
00100000000000111011010
00100000000000111011010
00100000000000111011010
00100000000000111011010